38 1
13 1
7 1
2 1
40 1
2 0
11 0
13 1
0 0
39 0
26 1
39 1
7 0
9 0
8 0
29 1
46 0
16 1
6 0
15 1
10 0
20 0
39 0
17 0
4 1
71 0
65 1
11 1
0 0
18 1
12 1
59 0
8 1
12 1
14 1
0 0
14 0
12 0
0 0
19 0
8 1
1 0
52 0
4 1
8 1
12 0
23 1
6 1
14 1
2 0
13 0
16 1
27 0
9 0
25 1
50 0
34 1
2 0
18 1
2 0
21 0
3 0
4 1
11 0
11 1
1 1
9 0
28 0
36 0
9 0
15 1
11 1
7 0
30 1
37 1
4 1
8 1
22 1
61 1
5 0
29 1
4 1
28 0
5 0
39 1
37 0
14 1
44 1
1 0
0 1
20 0
27 0
24 0
7 1
0 1
18 1
2 1
10 0
28 1
3 1
27 1
4 0
13 1
30 0
6 0
0 0
9 1
8 1
48 1
12 1
15 0
1 0
7 0
6 1
2 0
7 1
50 0
8 0
10 1
6 0
3 0
4 1
0 1
5 1
17 1
16 1
4 0
0 0
12 1
1 1
16 0
10 0
4 1
22 1
2 0
30 0
42 1
24 0
13 0
29 1
13 0
6 1
20 0
6 1
25 1
1 0
7 1
12 0
15 1
1 0
24 0
21 0
24 0
8 0
7 0
25 0
9 1
2 0
8 0
3 1
2 1
48 1
4 0
16 1
3 1
33 0
8 1
0 0
2 0
4 1
1 1
7 0
24 1
3 0
62 1
16 0
10 0
0 0
9 1
71 1
12 0
13 1
39 1
3 0
4 0
0 0
9 1
0 0
0 1
2 0
41 1
3 0
4 0
14 0
24 1
3 1
34 0
12 0
4 1
35 1
22 0
20 0
62 0
0 1
8 1
16 1
64 0
52 1
0 0
39 1
20 1
21 0
5 0
34 1
5 0
4 0
4 0
12 0
16 1
22 1
33 0
3 1
1 0
65 0
35 1
130 0
23 0
6 1
8 0
2 0
12 0
21 0
18 0
5 1
14 0
15 1
1 0
19 0
32 0
8 1
0 0
2 0
0 1
27 0
25 0
3 0
10 0
6 0
10 0
9 1
1 1
6 1
82 0
1 0
5 0
42 1
13 0
24 1
6 1
2 0
13 0
41 1
2 0
7 1
11 1
3 1
14 1
4 1
0 0
3 1
18 0
21 1
1 0
6 1
10 0
29 0
3 1
11 0
7 0
9 0
18 0
10 0
15 1
16 0
34 1
2 0
30 1
43 1
3 1
3 0
0 0
22 1
7 0
34 0
5 1
28 1
23 1
7 1
35 1
28 1
23 0
52 1
15 0
22 1
87 0
3 0
17 0
19 1
1 0
18 1
44 0
6 0
29 1
0 0
23 1
9 0
28 1
2 1
0 0
19 0
11 1
58 1
0 1
4 0
2 0
24 1
13 1
6 1
36 0
20 0
35 0
8 1
2 0
19 0
2 0
0 1
39 1
39 0
11 1
4 1
10 1
15 0
7 0
39 1
15 0
7 1
1 0
9 1
6 0
0 1
3 1
9 0
3 0
78 1
16 1
17 1
24 1
15 1
2 1
13 0
18 0
34 1
38 0
12 0
4 1
48 1
25 0
9 0
1 0
27 1
38 0
1 0
0 0
12 0
17 1
4 1
5 1
38 1
11 1
0 0
16 0
11 1
19 1
10 1
0 1
10 1
20 0
11 0
19 0
62 1
35 1
4 1
54 1
2 0
51 0
0 0
1 0
8 1
11 1
1 1
15 0
52 1
11 1
18 1
55 0
3 1
97 0
24 0
34 1
37 0
53 0
24 1
12 1
14 0
6 1
14 1
12 0
3 0
32 1
14 0
2 0
4 0
17 0
18 1
74 0
33 1
7 1
3 1
0 0
1 0
36 1
11 0
10 1
24 1
3 1
13 1
54 1
22 0
57 1
63 1
1 0
25 0
6 0
7 0
18 0
2 0
27 1
1 1
21 0
5 0
5 1
19 1
10 0
149 0
17 1
7 0
52 1
10 1
15 0
3 0
14 1
56 1
102 1
23 0
17 1
6 0
1 0
20 0
16 1
7 0
46 0
3 1
2 1
22 0
25 0
18 0
42 0
32 1
10 0
3 0
10 1
18 0
1 1
4 0
1 1
17 0
3 1
38 1
44 0
1 1
61 1
16 0
23 0
5 0
0 0
39 1
9 1
7 0
14 1
4 0
1 1
11 0
45 1
201 0
43 0
10 0
2 1
24 1
3 0
1 0
8 0
0 0
20 1
21 1
3 0
2 0
11 0
31 1
16 0
53 1
1 0
24 0
0 1
57 0
1 0
25 1
3 1
36 0
8 0
2 0
28 1
1 0
18 1
24 1
22 0
15 0
23 0
9 0
3 0
9 1
3 0
0 1
20 1
3 1
47 1
2 0
8 0
0 0
8 0
6 0
15 0
52 1
18 0
7 0
41 1
19 1
3 0
1 0
3 1
18 0
15 0
23 1
56 0
1 1
32 1
14 1
34 0
7 1
30 0
0 0
4 0
8 0
2 1
5 1
7 0
0 1
36 1
7 1
61 1
8 1
78 1
49 1
40 0
21 1
45 0
15 0
5 1
17 1
10 0
15 0
5 0
7 1
4 0
5 0
3 1
103 1
6 1
11 1
14 0
8 1
13 1
9 0
6 1
3 1
38 1
45 1
1 0
0 0
42 0
1 0
24 1
14 0
10 1
12 1
8 0
33 1
15 0
24 0
14 0
47 1
21 0
31 1
15 0
14 0
5 1
2 0
54 1
29 1
46 1
31 0
8 0
3 0
17 0
30 0
1 0
12 1
33 1
2 1
11 0
64 1
17 0
42 0
14 0
1 1
11 1
15 0
8 1
58 1
21 1
0 0
35 1
35 1
24 1
42 0
10 0
11 0
14 1
17 1
38 1
36 1
1 0
2 0
2 0
53 1
28 1
12 0
16 0
33 0
2 1
20 0
8 1
26 1
28 1
1 0
5 1
22 1
1 0
40 1
64 1
13 1
7 1
9 0
6 1
19 1
14 0
9 1
5 1
5 0
13 1
25 1
14 1
5 1
5 0
30 1
14 1
56 0
35 1
36 1
1 0
13 0
4 1
71 0
5 0
23 1
21 0
10 0
15 0
12 1
1 0
13 1
0 0
33 0
0 0
93 0
28 1
1 0
12 0
79 1
5 0
12 0
2 0
0 0
8 1
3 0
0 0
41 1
2 0
6 1
22 1
11 1
50 0
14 1
23 0
29 1
2 1
83 1
42 1
13 1
4 0
37 1
3 0
23 0
3 0
19 1
12 1
4 0
8 1
32 1
20 0
41 0
14 0
27 1
30 0
32 0
19 1
12 0
113 1
11 0
39 1
23 1
26 1
13 1
60 1
25 1
17 0
2 1
5 0
19 0
17 0
22 0
23 0
15 1
109 1
17 1
2 0
0 0
4 0
0 0
14 1
11 1
1 0
4 0
29 1
22 0
5 0
29 1
8 1
44 0
37 1
16 1
64 1
11 1
16 0
1 0
7 1
5 0
5 1
40 1
4 1
15 0
20 1
19 1
24 1
16 0
5 1
9 0
8 1
19 0
7 0
59 0
0 0
16 1
54 1
65 0
24 1
63 1
2 1
4 0
70 1
4 0
1 0
5 0
1 0
234 0
10 1
24 1
15 1
8 0
18 1
76 1
21 1
102 0
13 1
4 0
15 0
11 1
24 1
13 0
16 1
6 0
12 1
43 1
26 1
25 1
65 1
22 0
10 1
5 1
13 0
37 0
2 0
7 0
2 1
24 1
21 1
53 1
25 1
24 0
0 0
20 0
3 1
12 1
13 1
12 0
54 1
0 0
60 0
62 1
1 1
14 0
9 1
6 0
23 0
11 1
21 1
6 0
34 1
53 1
20 1
4 1
73 1
23 0
32 1
6 1
52 1
14 0
26 0
6 1
12 1
19 1
22 0
15 0
17 0
1 0
4 1
54 1
26 1
22 0
2 1
17 1
35 1
8 1
12 0
17 1
47 0
32 1
27 0
31 0
10 1
34 1
20 0
3 0
11 0
12 1
8 1
1 0
50 1
24 0
24 0
2 1
6 0
2 1
1 0
11 0
21 1
1 0
2 0
5 1
19 1
7 1
31 1
5 0
12 0
9 0
9 1
8 1
20 1
22 0
26 1
30 1
9 1
77 1
28 1
19 0
15 1
5 1
11 0
16 1
2 0
5 0
4 0
10 1
1 0
26 1
38 1
13 0
4 0
5 1
15 1
17 0
14 0
4 0
46 1
19 0
19 1
3 0
2 1
15 1
14 0
3 0
8 1
9 1
4 0
3 0
22 1
23 0
12 1
10 1
12 1
55 1
24 0
10 1
8 1
7 0
12 1
5 0
23 1
27 1
8 0
3 1
52 0
14 0
73 1
1 0
1 0
44 1
8 1
3 0
17 0
10 1
2 0
6 0
0 0
3 1
0 0
1 1
18 0
5 0
36 1
57 0
2 0
27 0
50 1
27 1
14 1
14 1
31 0
19 1
24 0
2 0
13 1
51 1
10 0
10 0
25 1
13 0
6 0
6 1
36 0
4 1
97 0
49 0
20 0
17 0
1 0
26 0
46 0
7 0
4 0
43 1
25 0
36 1
12 0
16 0
9 0
1 0
5 1
4 1
0 1
18 1
10 0
13 0
3 1
13 0
20 0
37 0
98 1
7 1
1 0
9 1
55 0
0 0
11 0
14 1
0 0
15 1
63 0
12 0
2 1
2 1
11 0
9 0
30 1
21 1
14 1
31 0
19 0
9 1
15 1
98 1
38 1
4 0
1 0
18 1
3 0
7 1
10 0
24 1
0 0
6 0
11 1
30 1
8 1
27 0
4 0
19 1
28 0
20 0
52 1
1 0
59 0
4 0
32 1
10 0
11 0
10 1
6 0
4 1
4 0
1 0
119 0
0 0
16 1
7 0
32 0
24 0
1 1
13 1
0 0
10 0
36 1
38 1
8 0
9 0
8 1
38 1
23 0
6 0
16 1
60 1
20 1
8 1
30 1
67 1
28 0
12 0
20 0
8 1
8 1
28 1
15 1
0 0
1 1
2 1
14 0
46 0
7 1
7 1
5 0
2 0
29 1
5 0
33 1
22 1
2 0
111 0
1 0
11 1
47 1
14 0
17 0
24 0
45 1
19 0
14 1
43 0
18 1
19 1
39 1
16 1
33 1
10 1
35 1
58 1
21 1
31 0
33 1
5 1
14 1
52 0
15 0
5 0
0 0
1 0
2 1
15 1
3 0
16 1
1 0
20 1
66 0
20 1
95 0
11 0
22 0
2 0
46 1
32 1
52 1
23 0
12 0
0 0
3 0
39 1
0 0
60 0
27 1
8 0
20 0
11 1
4 0
4 0
57 1
4 1
35 1
36 1
9 1
89 0
10 1
11 1
5 0
1 0
22 1
10 0
19 0
3 0
31 1
4 0
23 0
8 0
27 1
80 1
0 0
6 0
69 1
29 1
4 0
48 1
65 1
5 1
6 0
19 0
56 0
9 0
7 1
10 0
22 0
3 1
33 1
48 1
28 1
54 1
16 1
11 1
6 0
9 1
20 1
7 0
21 0
12 0
6 1
1 0
1 1
10 1
40 1
33 1
15 0
27 1
15 0
5 1
19 1
11 0
59 1
60 1
3 0
9 1
84 0
134 0
3 0
7 1
8 1
18 1
5 0
34 0
7 0
19 0
2 0
9 1
8 1
30 0
7 1
24 0
8 1
5 0
35 0
19 0
24 0
34 1
12 0
21 1
2 1
20 0
4 0
4 1
24 0
6 0
24 1
59 0
19 0
34 1
30 1
6 1
12 0
3 0
1 0
1 0
38 0
52 1
8 1
18 0
70 0
12 1
2 1
13 1
29 0
25 1
5 1
5 1
27 1
11 1
1 0
0 1
8 1
58 1
28 1
78 0
14 0
14 0
1 1
24 1
31 1
6 0
17 1
70 1
1 0
9 0
33 1
18 0
1 0
3 0
23 0
16 1
8 0
15 0
33 1
14 1
32 0
9 1
25 1
44 0
31 1
1 1
20 1
9 0
15 1
64 0
45 1
50 1
29 1
2 0
33 0
37 1
34 1
4 1
26 0
23 1
7 0
17 1
1 0
43 1
9 1
53 0
57 1
17 1
26 0
22 0
48 1
0 0
49 1
11 0
26 0
23 1
28 0
7 0
10 1
4 1
8 1
5 0
4 0
81 1
2 0
18 0
11 0
53 0
9 1
14 0
2 0
8 1
2 0
11 0
18 0
6 0
22 1
41 0
15 0
3 0
6 1
37 1
24 0
18 1
61 0
25 1
39 1
37 0
29 0
6 0
63 1
13 1
57 0
20 0
12 1
37 1
40 1
12 1
6 0
21 0
3 0
33 1
35 0
7 1
60 1
30 1
55 0
82 0
27 1
34 1
4 1
3 0
52 1
14 1
0 1
9 1
17 0
27 1
13 0
5 0
3 0
7 1
8 1
13 0
19 0
31 1
64 1
21 1
30 0
8 0
6 1
8 0
2 1
2 0
57 1
8 0
17 0
45 1
19 1
40 1
12 1
17 1
37 0
28 1
3 0
19 1
44 1
10 1
5 0
9 0
1 0
37 0
0 1
7 1
26 0
1 0
1 0
15 0
4 1
16 0
9 1
31 1
0 1
15 0
18 1
22 0
18 0
6 1
10 0
21 0
15 1
7 1
16 1
7 1
29 1
53 0
151 0
47 0
18 1
27 1
7 0
97 0
13 1
25 1
3 0
13 1
11 0
21 1
12 0
13 1
37 0
14 1
20 1
47 0
23 0
20 1
10 1
31 0
6 1
45 1
11 0
14 1
13 0
6 0
22 0
16 1
39 1
44 1
22 0
21 0
8 1
11 0
32 0
3 0
5 0
12 1
22 0
6 1
1 1
31 1
14 0
2 1
28 1
22 0
61 1
27 0
8 1
10 1
3 1
8 1
23 1
7 0
1 0
2 0
33 1
0 0
28 1
17 1
12 0
13 1
24 1
6 1
1 0
42 0
0 0
19 0
69 1
32 1
27 1
7 1
20 1
0 0
12 0
52 1
5 1
8 0
12 0
1 0
31 1
9 1
9 0
35 1
27 0
15 0
0 0
31 0
49 1
19 0
9 1
6 1
0 0
3 0
4 0
8 0
26 1
13 0
11 0
0 0
15 1
34 0
6 0
24 1
31 1
19 0
13 1
21 1
12 0
57 1
12 1
3 0
20 0
5 1
4 0
32 0
59 1
15 0
15 0
63 0
33 0
9 0
9 1
4 1
7 0
43 1
0 0
19 0
0 0
4 1
6 1
1 0
0 0
4 1
9 0
49 0
2 1
2 0
2 0
5 0
5 0
18 1
4 1
51 1
9 0
109 1
63 1
27 1
16 1
4 0
13 0
25 0
9 1
1 1
39 1
24 1
50 0
50 1
26 0
25 1
5 1
16 0
6 0
37 0
5 1
27 0
23 0
0 1
77 1
23 1
48 1
10 0
24 0
7 1
5 1
7 1
73 1
7 1
19 1
43 0
28 0
55 0
1 0
5 0
7 1
30 0
10 1
8 0
48 0
23 1
14 0
2 0
10 0
37 1
21 1
22 1
9 0
7 1
12 0
5 0
14 0
22 1
6 0
21 0
22 1
2 0
22 0
67 0
55 0
23 0
3 1
19 1
26 0
25 0
23 0
54 0
2 0
2 0
11 1
87 0
9 0
4 1
19 1
19 0
5 0
6 0
26 1
34 1
6 0
5 0
19 0
16 1
6 0
15 0
32 0
5 1
40 0
8 0
2 0
23 1
2 1
79 0
6 1
16 1
7 0
1 0
6 0
54 0
5 0
19 1
17 1
58 0
28 1
6 1
35 1
66 1
39 1
24 1
13 0
25 0
33 0
18 0
8 0
14 1
21 0
27 1
38 0
19 1
25 1
38 1
12 0
3 0
6 1
20 1
2 1
3 1
40 1
5 0
2 1
32 1
23 1
11 0
84 1
12 1
2 1
7 1
0 0
17 1
4 1
7 0
13 1
20 1
26 1
2 0
16 0
7 0
11 0
30 0
28 1
14 1
0 0
14 0
9 0
6 0
10 0
53 1
7 0
9 0
3 0
14 0
17 1
1 0
31 1
2 0
1 1
7 0
12 1
14 0
12 0
3 0
7 1
18 1
35 1
40 0
20 1
2 1
7 0
55 0
17 1
1 0
37 0
34 1
80 1
61 0
2 0
0 0
39 1
4 0
46 1
15 1
31 0
3 0
34 1
14 1
5 1
4 0
2 1
16 1
58 0
6 0
0 1
3 1
3 1
26 1
152 0
26 1
0 0
20 0
65 1
35 0
3 0
34 0
40 0
3 1
4 0
11 1
4 1
3 0
6 1
15 0
36 1
4 0
9 0
42 1
14 0
29 0
11 0
2 1
5 1
3 1
62 0
32 0
13 1
7 0
5 1
3 1
2 1
3 0
28 1
2 1
1 0
8 1
3 1
7 0
27 1
30 1
2 0
91 0
62 1
24 1
97 0
5 1
3 0
17 0
24 0
5 1
29 0
2 0
41 1
3 1
8 1
50 1
0 1
8 0
20 0
31 1
87 0
19 1
12 1
51 1
2 0
2 1
17 0
4 1
2 1
22 1
16 0
9 1
10 1
7 1
7 0
9 1
14 1
38 0
18 1
37 1
38 1
15 1
22 0
8 1
8 0
3 1
87 0
22 1
18 0
0 0
34 1
13 0
33 1
31 1
16 1
0 1
7 0
16 0
16 1
8 0
28 0
20 0
25 1
6 0
7 0
16 0
21 1
25 1
25 1
23 1
7 1
11 1
0 0
4 1
10 1
30 1
36 0
33 1
23 1
10 1
27 1
56 1
2 1
88 1
4 1
30 1
0 0
16 0
23 1
0 0
6 1
1 0
9 0
0 0
5 0
14 1
28 1
24 1
6 0
24 1
5 0
49 1
2 1
3 0
3 0
55 1
29 1
13 0
19 1
3 0
1 0
49 0
8 1
7 0
18 0
12 1
38 0
30 0
47 1
6 0
11 0
22 0
17 1
5 1
20 1
11 1
10 0
3 0
10 0
15 1
12 0
27 1
7 1
1 0
15 0